##TITLE= Parameter file, TopSpin 4.3.0
##JCAMPDX= 5.0
##DATATYPE= Parameter Values
##NPOINTS= 8	$$ modification sequence number
##ORIGIN= Bruker BioSpin GmbH
##OWNER= prati
$$ 2026-01-21 23:12:13.515 -0800  prati@DESKTOP-OL1VPA6
$$ E:/Downloads/Compressed/19/pdata/1/clevels
$$ process C:\Bruker\TopSpin4.3.0\prog\mod\dataserver.exe
##$LEVELS= (0..255)
-11155381353.4082 -6197434085.22679 -3443018936.2371 -1912788297.9095 -1062660165.50528
-590366758.614044 -327981532.563358 -182211962.535199 -101228868.07511
-56238260.041728 -31243477.80096 -17357487.6672 -9643048.704 -5357249.28
-2976249.6 -1653472 1653472 2976249.6 5357249.28 9643048.704 17357487.6672
31243477.80096 56238260.041728 101228868.07511 182211962.535199 327981532.563358
590366758.614044 1062660165.50528 1912788297.9095 3443018936.2371 6197434085.22679
11155381353.4082 0 0 0 0 0 0 0 0 0 0 0 0 0 0 0 0 0 0 0 0 0 0 0 0 0 0 0
0 0 0 0 0 0 0 0 0 0 0 0 0 0 0 0 0 0 0 0 0 0 0 0 0 0 0 0 0 0 0 0 0 0 0 0
0 0 0 0 0 0 0 0 0 0 0 0 0 0 0 0 0 0 0 0 0 0 0 0 0 0 0 0 0 0 0 0 0 0 0 0
0 0 0 0 0 0 0 0 0 0 0 0 0 0 0 0 0 0 0 0 0 0 0 0 0 0 0 0 0 0 0 0 0 0 0 0
0 0 0 0 0 0 0 0 0 0 0 0 0 0 0 0 0 0 0 0 0 0 0 0 0 0 0 0 0 0 0 0 0 0 0 0
0 0 0 0 0 0 0 0 0 0 0 0 0 0 0 0 0 0 0 0 0 0 0 0 0 0 0 0 0 0 0 0 0 0 0 0
0 0 0 0 0 0 0 0 0 0 0 0 0 0 0 0 0
##$LEVSIGN= 3
##$MAXLEV= 16
##$METHOD= 0
##$NEGBASE= -1653472
##$NEGINCR= 1.8
##$POSBASE= 1653472
##$POSINCR= 1.8
##END=
